325 210 230
17
165 112 52 (225,229,163)//03yellow_rascre
160 95 60 (82,54,41)//04brown_7-11cookies
160 95 60 (187,37,33)//06pink_rufier
160 112 51 (243,189,48)//09white_dasses
154 88 27 (188,181,76)//16yellow_macadamia
155 85 24 (222,20,15)//18red_macadamia
113 97 49 (52,208,239)//31blue_minicollon
111 111 52 (235,226,132)//33white_meltykiss
205 50 50 (109,63,54)//43brown_choco
170 77 15 (183,228,248)//47white_alfort
85 75 69 (97,123,190)//40
107 105 56 (156,225,180)//32
106 84 35 (134,214,218)//30
116 95 35 (83,92,247)//34
214 70 56 (194,125,168)//45
203 97 53 (123,155,91)//51
152 80 70 (150,159,67)//28
